b3be c980 0000 0000
11:17:01.258 952240    5    4    0    d9e4 ef80 0000 0000
11:17:01.258 953020    5    4    0    000b 1680 0000 0000
11:17:01.258 953800    5    4    0    2631 3c80 0000 0000
11:17:01.258 954580    5    4    0    4c57 6280 0000 0000
11:17:01.258 955360    5    4    0    727d 8880 0000 0000
11:17:01.670 956140    5    4    0    99a4 af80 0000 0000
11:17:01.670 956920    5    4    0    bfca d580 0000 0000
11:17:01.670 957700    5    4    0    e5f0 fb80 0000 0000
11:17:01.670 958480    5    4    0    0b16 2180 0000 0000
11:17:01.670 959260    5    4    0    323d 4880 0000 0000
11:17:02.080 960040    5    4    0    5863 6e80 0000 0000
11:17:02.080 960820    5    4    0    7e89 9480 0000 0000
11:17:02.080 961600    5    4    0    a4af ba80 0000 0000
11:17:02.080 962390    5    4    0    cbd6 e180 0000 0000
11:17:02.080 963170    5    4    0    f1fc 0780 0000 0000
11:17:02.453 963940    5    4    0    1722 2d80 0000 0000
11:17:02.453 964720    5    4    0    3d48 5380 0000 0000
11:17:02.453 965500    5    4    0    646f 7a80 0000 0000
11:17:02.453 966290    5    4    0    8a95 a080 0000 0000
11:17:02.453 967070    5    4    0    b0bb c680 0000 0000
11:17:02.845 967850    5    4    0    d6e1 ec80 0000 0000
11:17:02.845 968630    5    4    0    fd08 1380 0000 0000
11:17:02.845 969410    5    4    0    232e 3980 0000 0000
11:17:02.845 970180    5    4    0    4954 5f80 0000 0000
11:17:02.845 970970    5    4    0    6f7a 8580 0000 0000
11:17:03.214 971750    5    4    0    96a1 ac80 0000 0000
11:17:03.214 972530    5    4    0    bcc7 d280 0000 0000
11:17:03.214 973310    5    4    0    e2ed f880 0000 0000
11:17:03.214 974090    5    4    0    0813 1e80 0000 0000
11:17:03.214 974870    5    4    0    2f3a 4580 0000 0000
11:17:03.607 975650    5    4    0    5560 6b80 0000 0000
11:17:03.607 976430    5    4    0    7b86 9180 0000 0000
11:17:03.607 977210    5    4    0    a1ac b780 0000 0000
11:17:03.607 977990    5    4    0    c8d3 de80 0000 0000
11:17:03.607 978770    5    4    0    eef9 0480 0000 0000
11:17:04.040 979550    5    4    0    141f 2a80 0000 0000
11:17:04.040 980330    5    4    0    3a45 5080 0000 0000
11:17:04.040 981110    5    4    0    616c 7780 0000 0000
11:17:04.040 981890    5    4    0    8792 9d80 0000 0000
11:17:04.040 982670    5    4    0    adb8 c380 0000 0000
11:17:04.412 983450    5    4    0    d3de e980 0000 0000
11:17:04.412 984230    5    4    0    fa05 1080 0000 0000
11:17:04.412 985010    5    4    0    202b 3680 0000 0000
11:17:04.412 985790    5    4    0    4651 5c80 0000 0000
11:17:04.412 986570    5    4    0    6c77 8280 0000 0000
11:17:04.780 987350    5    4    0    939e a980 0000 0000
11:17:04.780 988130    5    4    0    b9c4 cf80 0000 0000
11:17:04.780 988910    5    4    0    dfea f580 0000 0000
11:17:04.780 989690    5    4    0    0510 1b80 0000 0000
11:17:04.780 990470    5    4    0    2c37 4280 0000 0000
11:17:05.175 991250    5    4    0    525d 6880 0000 0000
11:17:05.175 992030    5    4    0    7883 8e80 0000 0000
11:17:05.175 992810    5    4    0    9ea9 b480 0000 0000
11:17:05.175 993590    5    4    0    c5d0 db80 0000 0000
11:17:05.175 994370    5    4    0    ebf6 0180 0000 0000
11:17:05.545 995150    5    4    0    111c 2780 0000 0000
11:17:05.545 995930    5    4    0    3742 4d80 0000 0000
11:17:05.545 996710    5    4    0    5e69 7480 0000 0000
11:17:05.545 997490    5    4    0    848f 9a80 0000 0000
11:17:05.545 998270    5    4    0    aab5 c080 0000 0000
11:17:05.953 999060    5    4    0    d0db e680 0000 0000
11:17:05.953 999830    5    4    0    f702 0d80 0000 0000
11:17:05.953 1000610    5    4    0    1d28 3380 0000 0000
11:17:05.953 1001390    5    4    0    434e 5980 0000 0000
11:17:05.953 1002170    5    4    0    6974 7f80 0000 0000
11:17:06.328 1002950    5    4    0    909b a680 0000 0000
11:17:06.328 1003740    5    4    0    b6c1 cc80 0000 0000
11:17:06.328 1004520    5    4    0    dce7 f280 0000 0000
11:17:06.328 1005300    5    4    0    020d 1880 0000 0000
11:17:06.328 1006070    5    4    0    2934 3f80 0000 0000
11:17:06.718 1006850    5    4    0    4f5a 6580 0000 0000
11:17:06.718 1007630    5    4    0    7580 8b80 0000 0000
11:17:06.718 1008420    5    4    0    9ba6 b180 0000 0000
11:17:06.718 1009200    5    4    0    c2cd d880 0000 0000
11:17:06.718 1009980    5    4    0    e8f3 fe80 0000 0000
11:17:07.110 1010760    5    4    0    0e19 2480 0000 0000
11:17:07.110 1011540    5    4    0    343f 4a80 0000 0000
11:17:07.110 1012320    5    4    0    5b66 7180 0000 0000
11:17:07.110 1013100    5    4    0    818c 9780 0000 0000
11:17:07.110 1013880    5    4    0    a7b2 bd80 0000 0000
11:17:07.483 1014660    5    4    0    cdd8 e380 0000 0000
11:17:07.483 1015440    5    4    0    f4ff 0a80 0000 0000
11:17:07.483 1016220    5    4    0    1a25 3080 0000 0000
11:17:07.483 1017000    5    4    0    404b 5680 0000 0000
11:17:07.831 1017780    5    4    0    6671 7c80 0000 0000
11:17:07.831 1018560    5    4    0    8d98 a380 0000 0000
11:17:07.831 1019340    5    4    0    b3be c980 0000 0000
11:17:07.831 1020120    5    4    0    d9e4 ef80 0000 0000
11:17:07.831 1020900    5    4    0    ff0a 1580 0000 0000
11:17:08.224 1021680    5    4    0    2631 3c80 0000 0000
11:17:08.224 1022460    5    4    0    4c57 6280 0000 0000
11:17:08.224 1023240    5    4    0    727d 8880 0000 0000
11:17:08.224 1024020    5    4    0    98a3 ae80 0000 0000
11:17:08.224 1024810    5    4    0    bfca d580 0000 0000
11:17:08.617 1025590    5    4    0    e5f0 fb80 0000 0000
11:17:08.617 1026370    5    4    0    0b16 2180 0000 0000
11:17:08.617 1027140    5    4    0    313c 4780 0000 0000
11:17:08.617 1027920    5    4    0    5863 6e80 0000 0000
11:17:08.617 1028710    5    4    0    7e89 9480 0000 0000
11:17:09.007 1029490    5    4    0    a4af ba80 0000 0000
11:17:09.007 1030270    5    4    0    cad5 e080 0000 0000
11:17:09.007 1031050    5    4    0    f1fc 0780 0000 0000
11:17:09.007 1031830    5    4    0    1722 2d80 0000 0000
11:17:09.007 1032610    5    4    0    3d48 5380 0000 0000
11:17:09.377 1033390    5    4    0    636e 7980 0000 0000
11:17:09.377 1034170    5    4    0    8a95 a080 0000 0000
11:17:09.377 1034950    5    4    0    b0bb c680 0000 0000
11:17:09.377 1035730    5    4    0    d6e1 ec80 0000 0000
11:17:09.377 1036130    1    8    0    0000 0000 0087 008c
11:17:09.636 1036530    5    4    0    fc07 1280 0087 008c
11:17:09.636 1037020    1    8    0    00a5 0000 0000 0000
11:17:09.636 1037510    5    4    0    232e 3980 0000 0000
11:17:09.636 1038100    5    4    0    4954 5f80 0000 0000
11:17:09.636 1038880    5    4    0    6f7a 8580 0000 0000
11:17:09.961 1039660    5    4    0    95a0 ab80 0000 0000
11:17:09.961 1040440    5    4    0    bcc7 d280 0000 0000
11:17:09.961 1041230    5    4    0    e2ed f880 0000 0000
11:17:09.961 1042000    5    4    0    0813 1e80 0000 0000
11:17:09.961 1042560    1    8    0    0000 0000 0087 008c
11:17:10.216 1042870    5    4    0    2e39 4480 0087 008c
11:17:10.216 1043360    1    8    0    00a5 0000 0000 0000
11:17:10.216 1043850    5    4    0    5560 6b80 0000 0000
11:17:10.216 1044380    5    4    0    7b86 9180 0000 0000
11:17:10.216 1045160    5    4    0    a1ac b780 0000 0000
11:17:10.588 1045940    5    4    0    c7d2 dd80 0000 0000
11:17:10.588 1046720    5    4    0    eef9 0480 0000 0000
11:17:10.588 1047500    5    4    0    141f 2a80 0000 0000
11:17:10.588 1048280    5    4    0    3a45 5080 0000 0000
11:17:10.955 1049060    5    4    0    606b 7680 0000 0000
11:17:10.955 1049840    5    4    0    8792 9d80 0000 0000
11:17:10.955 1050620    5    4    0    adb8 c380 0000 0000
11:17:10.955 1051400    5    4    0    d3de e980 0000 0000
11:17:10.955 1051710    1    8    0    0000 0000 0087 008c
11:17:11.212 1052200    5    4    0    f904 0f80 0087 008c
11:17:11.212 1052690    1    8    0    00a5 0000 0000 0000
11:17:11.212 1053180    5    4    0    202b 3680 0000 0000
11:17:11.212 1053770    5    4    0    4651 5c80 0000 0000
11:17:11.212 1054550    5    4    0    6c77 8280 0000 0000
11:17:11.626 1055340    5    4    0    929d a880 0000 0000
11:17:11.626 1056120    5    4    0    b9c4 cf80 0000 0000
11:17:11.626 1056900    5    4    0    dfea f580 0000 0000
11:17:11.626 1057680    5    4    0    0510 1b80 0000 0000
11:17:11.626 1058460    5    4    0    2b36 4180 0000 0000
11:17:11.975 1059230    5    4    0    525d 6880 0000 0000
11:17:11.975 1060020    5    4    0    7883 8e80 0000 0000
11:17:11.975 1060800    5    4    0    9ea9 b480 0000 0000
11:17:11.975 1061580    5    4    0    c4cf da80 0000 0000
11:17:11.975 1062360    5    4    0    ebf6 0180 0000 0000
11:17:12.344 1063140    5    4    0    111c 2780 0000 0000
11:17:12.344 1063920    5    4    0    3742 4d80 0000 0000
11:17:12.344 1064700    5    4    0    5d68 7380 0000 0000
11:17:12.344 1065480    5    4    0    848f 9a80 0000 0000
11:17:12.344 1066260    5    4    0    aab5 c080 0000 0000
11:17:12.737 1067040    5    4    0    d0db e680 0000 0000
11:17:12.737 1067820    5    4    0    f601 0c80 0000 0000
11:17:12.737 1068600    5    4    0    1d28 3380 0000 0000
11:17:12.737 1069380    5    4    0    434e 5980 0000 0000
11:17:12.737 1070160    5    4    0    6974 7f80 0000 0000
11:17:13.149 1070940    5    4    0    8f9a a580 0000 0000
11:17:13.149 1071720    5    4    0    b6c1 cc80 0000 0000
11:17:13.149 1072500    5    4    0    dce7 f280 0000 0000
11:17:13.149 1073280    5    4    0    020d 1880 0000 0000
11:17:13.149 1074060    5    4    0    2833 3e80 0000 0000
11:17:13.516 1074840    5    4    0    4f5a 6580 0000 0000
11:17:13.516 1075620    5    4    0    7580 8b80 0000 0000
11:17:13.516 1076400    5    4    0    9ba6 b180 0000 0000
11:17:13.516 1077180    5    4    0    c1cc d780 0000 0000
11:17:13.516 1077960    5    4    0    e8f3 fe80 0000 0000
11:17:13.928 1078740    5    4    0    0e19 2480 0000 0000
11:17:13.928 1079520    5    4    0    343f 4a80 0000 0000
11:17:13.928 1080300    5    4    0    5a65 7080 0000 0000
11:17:13.928 1081080    5    4    0    818c 9780 0000 0000
11:17:13.928 10